E	N	Z
2622226.08	1256842.96	346.7
2622226.25668161	1256842.96134529	346.699923674217
2622226.43336323	1256842.96269058	346.699695093833
2622226.61004484	1256842.96403587	346.699314854294
2622226.78672646	1256842.96538117	346.698783551046
2622226.96340807	1256842.96672646	346.698101779535
2622227.14008969	1256842.96807175	346.697270135207
2622227.3167713	1256842.96941704	346.696289213509
2622227.49345291	1256842.97076233	346.695159609886
2622227.67013453	1256842.97210762	346.693881919785
2622227.84681614	1256842.97345291	346.692456738652
2622228.02349776	1256842.97479821	346.690884661934
2622228.20017937	1256842.9761435	346.689166285075
2622228.37686099	1256842.97748879	346.687302203523
2622228.5535426	1256842.97883408	346.685293012723
2622228.73022422	1256842.98017937	346.683139308122
2622228.90690583	1256842.98152466	346.680841685166
2622229.08358744	1256842.98286996	346.678400739301
2622229.26026906	1256842.98421525	346.675817065973
2622229.43695067	1256842.98556054	346.673091260628
2622229.61363229	1256842.98690583	346.670223918713
2622229.7903139	1256842.98825112	346.667215635673
2622229.96699552	1256842.98959641	346.664067006956
2622230.14367713	1256842.9909417	346.660778628006
2622230.32035874	1256842.992287	346.65735109427
2622230.49704036	1256842.99363229	346.653785001195
2622230.67372197	1256842.99497758	346.650080944226
2622230.85040359	1256842.99632287	346.646239518809
2622231.0270852	1256842.99766816	346.642261320392
2622231.20376682	1256842.99901345	346.638146944419
2622231.38044843	1256843.00035874	346.633896986337
2622231.55713004	1256843.00170404	346.629512041592
2622231.73381166	1256843.00304933	346.624992705631
2622231.91049327	1256843.00439462	346.620339573899
2622232.08717489	1256843.00573991	346.615553241843
2622232.2638565	1256843.0070852	346.610634304908
2622232.44053812	1256843.00843049	346.605583358542
2622232.61721973	1256843.00977578	346.60040099819
2622232.79390135	1256843.01112108	346.595087819298
2622232.97058296	1256843.01246637	346.589644417312
2622233.14726457	1256843.01381166	346.584071387679
2622233.32394619	1256843.01515695	346.578369325845
2622233.5006278	1256843.01650224	346.572538827255
2622233.67730942	1256843.01784753	346.566580487357
2622233.85399103	1256843.01919283	346.560494901596
2622234.03067265	1256843.02053812	346.554282665418
2622234.20735426	1256843.02188341	346.54794437427
2622234.38403587	1256843.0232287	346.541480623597
2622234.56071749	1256843.02457399	346.534892008846
2622234.7373991	1256843.02591928	346.528179125463
2622234.91408072	1256843.02726457	346.521342568895
2622235.09076233	1256843.02860987	346.514382934586
2622235.26744395	1256843.02995516	346.507300817984
2622235.44412556	1256843.03130045	346.500096814535
2622235.62080718	1256843.03264574	346.492771519684
2622235.79748879	1256843.03399103	346.485325528878
2622235.9741704	1256843.03533632	346.477759437564
2622236.15085202	1256843.03668161	346.470073841186
2622236.32753363	1256843.03802691	346.462269335192
2622236.50421525	1256843.0393722	346.454346515028
2622236.68089686	1256843.04071749	346.446305976139
2622236.85757848	1256843.04206278	346.438148313972
2622237.03426009	1256843.04340807	346.429874123973
2622237.2109417	1256843.04475336	346.421484001588
2622237.38762332	1256843.04609865	346.412978542263
2622237.56430493	1256843.04744395	346.404358341445
2622237.74098655	1256843.04878924	346.39562399458
2622237.91766816	1256843.05013453	346.386776097113
2622238.09434978	1256843.05147982	346.377815244491
2622238.27103139	1256843.05282511	346.36874203216
2622238.447713	1256843.0541704	346.359557055567
2622238.62439462	1256843.0555157	346.350260910157
2622238.80107623	1256843.05686099	346.340854191376
2622238.97775785	1256843.05820628	346.331337494671
2622239.15443946	1256843.05955157	346.321711415488
2622239.33112108	1256843.06089686	346.311976549273
2622239.50780269	1256843.06224215	346.302133491472
2622239.6844843	1256843.06358744	346.292182837531
2622239.86116592	1256843.06493274	346.282125182897
2622240.03784753	1256843.06627803	346.271961123016
2622240.21452915	1256843.06762332	346.261691253333
2622240.39121076	1256843.06896861	346.251316169295
2622240.56789238	1256843.0703139	346.240836466349
2622240.74457399	1256843.07165919	346.230252739939
2622240.92125561	1256843.07300448	346.219565585513
2622241.09793722	1256843.07434978	346.208775598517
2622241.27461883	1256843.07569507	346.197883374396
2622241.45130045	1256843.07704036	346.186889508597
2622241.62798206	1256843.07838565	346.175794596567
2622241.80466368	1256843.07973094	346.16459923375
2622241.98134529	1256843.08107623	346.153304015594
2622242.15802691	1256843.08242152	346.141909537544
2622242.33470852	1256843.08376682	346.130416395047
2622242.51139013	1256843.08511211	346.118825183548
2622242.68807175	1256843.0864574	346.107136498495
2622242.86475336	1256843.08780269	346.095350935332
2622243.04143498	1256843.08914798	346.083469089507
2622243.21811659	1256843.09049327	346.071491556466
2622243.39479821	1256843.09183856	346.059418931654
2622243.57147982	1256843.09318386	346.047251810517
2622243.74816144	1256843.09452915	346.034990788503
2622243.92484305	1256843.09587444	346.022636461056
2622244.10152466	1256843.09721973	346.010189423624
2622244.27820628	1256843.09856502	345.997650271652
2622244.45488789	1256843.09991031	345.985019600587
2622244.63156951	1256843.10125561	345.972298005874
2622244.80825112	1256843.1026009	345.95948608296
2622244.98493274	1256843.10394619	345.946584427291
2622245.16161435	1256843.10529148	345.933593634314
2622245.33829596	1256843.10663677	345.920514299473
2622245.51497758	1256843.10798206	345.907347018216
2622245.69165919	1256843.10932735	345.894092385989
2622245.86834081	1256843.11067265	345.880750998237
2622246.04502242	1256843.11201794	345.867323450407
2622246.22170404	1256843.11336323	345.853810337945
2622246.39838565	1256843.11470852	345.840212256298
2622246.57506726	1256843.11605381	345.826529800911
2622246.75174888	1256843.1173991	345.81276356723
2622246.92843049	1256843.11874439	345.798914150702
2622247.10511211	1256843.12008969	345.784982146773
2622247.28179372	1256843.12143498	345.770968150889
2622247.45847534	1256843.12278027	345.756872758495
2622247.63515695	1256843.12412556	345.74269656504
2622247.81183856	1256843.12547085	345.728440165967
2622247.98852018	1256843.12681614	345.714104156725
2622248.16520179	1256843.12816144	345.699689132758
2622248.34188341	1256843.12950673	345.685195689513
2622248.51856502	1256843.13085202	345.670624422436
2622248.69524664	1256843.13219731	345.655975926973
2622248.87192825	1256843.1335426	345.641250798571
2622249.04860987	1256843.13488789	345.626449632675
2622249.22529148	1256843.13623318	345.611573024732
2622249.40197309	1256843.13757848	345.596621570188
2622249.57865471	1256843.13892377	345.581595864488
2622249.75533632	1256843.14026906	345.56649650308
2622249.93201794	1256843.14161435	345.55132408141
2622250.10869955	1256843.14295964	345.536079194922
2622250.28538117	1256843.14430493	345.520762439065
2622250.46206278	1256843.14565022	345.505374409283
2622250.63874439	1256843.14699552	345.489915701023
2622250.81542601	1256843.14834081	345.474386909731
2622250.99210762	1256843.1496861	345.458788630853
2622251.16878924	1256843.15103139	345.443121459836
2622251.34547085	1256843.15237668	345.427385992125
2622251.52215247	1256843.15372197	345.411582823167
2622251.69883408	1256843.15506726	345.395712548408
2622251.8755157	1256843.15641256	345.379775763294
2622252.05219731	1256843.15775785	345.363773063271
2622252.22887892	1256843.15910314	345.347705043786
2622252.40556054	1256843.16044843	345.331572300284
2622252.58224215	1256843.16179372	345.315375428211
2622252.75892377	1256843.16313901	345.299115023014
2622252.93560538	1256843.1644843	345.28279168014
2622253.112287	1256843.1658296	345.266405995033
2622253.28896861	1256843.16717489	345.249958563141
2622253.46565022	1256843.16852018	345.233449979909
2622253.64233184	1256843.16986547	345.216880840783
2622253.81901345	1256843.17121076	345.200251741211
2622253.99569507	1256843.17255605	345.183563276637
2622254.17237668	1256843.17390135	345.166816042508
2622254.3490583	1256843.17524664	345.150010634271
2622254.52573991	1256843.17659193	345.133147647371
2622254.70242152	1256843.17793722	345.116227677254
2622254.87910314	1256843.17928251	345.099251319367
2622255.05578475	1256843.1806278	345.082219169156
2622255.23246637	1256843.18197309	345.065131822066
2622255.40914798	1256843.18331839	345.047989873545
2622255.5858296	1256843.18466368	345.030793919038
2622255.76251121	1256843.18600897	345.013544553992
2622255.93919282	1256843.18735426	344.996242373852
2622256.11587444	1256843.18869955	344.978887974065
2622256.29255605	1256843.19004484	344.961481950077
2622256.46923767	1256843.19139013	344.944024897334
2622256.64591928	1256843.19273543	344.926517411282
2622256.8226009	1256843.19408072	344.908960087367
2622256.99928251	1256843.19542601	344.891353521036
2622257.17596413	1256843.1967713	344.873698307735
2622257.35264574	1256843.19811659	344.855995042909
2622257.52932735	1256843.19946188	344.838244322005
2622257.70600897	1256843.20080717	344.82044674047
2622257.88269058	1256843.20215247	344.802602893749
2622258.0593722	1256843.20349776	344.784713377288
2622258.23605381	1256843.20484305	344.766778786534
2622258.41273543	1256843.20618834	344.748799716933
2622258.58941704	1256843.20753363	344.73077676393
2622258.76609865	1256843.20887892	344.712710522973
2622258.94278027	1256843.21022422	344.694601589507
2622259.11946188	1256843.21156951	344.676450558978
2622259.2961435	1256843.2129148	344.658258026833
2622259.47282511	1256843.21426009	344.640024588517
2622259.64950673	1256843.21560538	344.621750839477
2622259.82618834	1256843.21695067	344.60343737516
2622260.00286996	1256843.21829596	344.58508479101
2622260.17955157	1256843.21964126	344.566693682475
2622260.35623318	1256843.22098655	344.548264645
2622260.5329148	1256843.22233184	344.529798274032
2622260.70959641	1256843.22367713	344.511295165016
2622260.88627803	1256843.22502242	344.4927559134
2622261.06295964	1256843.22636771	344.474181114629
2622261.23964126	1256843.227713	344.455571364149
2622261.41632287	1256843.2290583	344.436927257406
2622261.59300448	1256843.23040359	344.418249389847
2622261.7696861	1256843.23174888	344.399538356917
2622261.94636771	1256843.23309417	344.380794754063
2622262.12304933	1256843.23443946	344.362019176732
2622262.29973094	1256843.23578475	344.343212220368
2622262.47641256	1256843.23713004	344.324374480419
2622262.65309417	1256843.23847534	344.305506552331
2622262.82977578	1256843.23982063	344.286609031549
2622263.0064574	1256843.24116592	344.267682513519
2622263.18313901	1256843.24251121	344.248727593689
2622263.35982063	1256843.2438565	344.229744867504
2622263.53650224	1256843.24520179	344.21073493041
2622263.71318386	1256843.24654709	344.191698377853
2622263.88986547	1256843.24789238	344.17263580528
2622264.06654709	1256843.24923767	344.153547808137
2622264.2432287	1256843.25058296	344.13443498187
2622264.41991031	1256843.25192825	344.115297921925
2622264.59659193	1256843.25327354	344.096137223747
2622264.77327354	1256843.25461883	344.076953482785
2622264.94995516	1256843.25596413	344.057747294482
2622265.12663677	1256843.25730942	344.038519254287
2622265.30331839	1256843.25865471	344.019269957644
2622265.48	1256843.26	344
2622265.50647059	1256843.25779412	343.99704858072
2622265.53294118	1256843.25558824	343.994057236634
2622265.55941176	1256843.25338235	343.991026377219
2622265.58588235	1256843.25117647	343.987956411956
2622265.61235294	1256843.24897059	343.984847750322
2622265.63882353	1256843.24676471	343.981700801798
2622265.66529412	1256843.24455882	343.978515975861
2622265.69176471	1256843.24235294	343.975293681991
2622265.71823529	1256843.24014706	343.972034329667
2622265.74470588	1256843.23794118	343.968738328368
2622265.77117647	1256843.23573529	343.965406087572
2622265.79764706	1256843.23352941	343.962038016759
2622265.82411765	1256843.23132353	343.958634525407
2622265.85058824	1256843.22911765	343.955196022996
2622265.87705882	1256843.22691176	343.951722919005
2622265.90352941	1256843.22470588	343.948215622912
2622265.93	1256843.2225	343.944674544196
2622265.95647059	1256843.22029412	343.941100092337
2622265.98294118	1256843.21808824	343.937492676812
2622266.00941176	1256843.21588235	343.933852707103
2622266.03588235	1256843.21367647	343.930180592686
2622266.06235294	1256843.21147059	343.926476743041
2622266.08882353	1256843.20926471	343.922741567648
2622266.11529412	1256843.20705882	343.918975475985
2622266.14176471	1256843.20485294	343.91517887753
2622266.16823529	1256843.20264706	343.911352181764
2622266.19470588	1256843.20044118	343.907495798164
2622266.22117647	1256843.19823529	343.903610136211
2622266.24764706	1256843.19602941	343.899695605382
2622266.27411765	1256843.19382353	343.895752615157
2622266.30058824	1256843.19161765	343.891781575014
2622266.32705882	1256843.18941176	343.887782894433
2622266.35352941	1256843.18720588	343.883756982893
2622266.38	1256843.185	343.879704249873
2622266.40647059	1256843.18279412	343.875625104851
2622266.43294118	1256843.18058824	343.871519957306
2622266.45941176	1256843.17838235	343.867389216718
2622266.48588235	1256843.17617647	343.863233292565
2622266.51235294	1256843.17397059	343.859052594326
2622266.53882353	1256843.17176471	343.854847531481
2622266.56529412	1256843.16955882	343.850618513508
2622266.59176471	1256843.16735294	343.846365949886
2622266.61823529	1256843.16514706	343.842090250095
2622266.64470588	1256843.16294118	343.837791823612
2622266.67117647	1256843.16073529	343.833471079917
2622266.69764706	1256843.15852941	343.82912842849
2622266.72411765	1256843.15632353	343.824764278808
2622266.75058824	1256843.15411765	343.820379040351
2622266.77705882	1256843.15191176	343.815973122598
2622266.80352941	1256843.14970588	343.811546935028
2622266.83	1256843.1475	343.807100887119
2622266.85647059	1256843.14529412	343.802635388351
2622266.88294118	1256843.14308824	343.798150848203
2622266.90941176	1256843.14088235	343.793647676154
2622266.93588235	1256843.13867647	343.789126281682
2622266.96235294	1256843.13647059	343.784587074266
2622266.98882353	1256843.13426471	343.780030463386
2622267.01529412	1256843.13205882	343.77545685852
2622267.04176471	1256843.12985294	343.770866669148
2622267.06823529	1256843.12764706	343.766260304748
2622267.09470588	1256843.12544118	343.761638174799
2622267.12117647	1256843.12323529	343.75700068878
2622267.14764706	1256843.12102941	343.752348256171
2622267.17411765	1256843.11882353	343.74768128645
2622267.20058824	1256843.11661765	343.743000189095
2622267.22705882	1256843.11441176	343.738305373587
2622267.25352941	1256843.11220588	343.733597249404
2622267.28	1256843.11	343.728876226024
2622267.30647059	1256843.10779412	343.724142712928
2622267.33294118	1256843.10558824	343.719397119593
2622267.35941176	1256843.10338235	343.714639855499
2622267.38588235	1256843.10117647	343.709871330124
2622267.41235294	1256843.09897059	343.705091952949
2622267.43882353	1256843.09676471	343.700302133451
2622267.46529412	1256843.09455882	343.695502281109
2622267.49176471	1256843.09235294	343.690692805404
2622267.51823529	1256843.09014706	343.685874115812
2622267.54470588	1256843.08794118	343.681046621814
2622267.57117647	1256843.08573529	343.676210732889
2622267.59764706	1256843.08352941	343.671366858514
2622267.62411765	1256843.08132353	343.66651540817
2622267.65058824	1256843.07911765	343.661656791335
2622267.67705882	1256843.07691176	343.656791417489
2622267.70352941	1256843.07470588	343.651919696109
2622267.73	1256843.0725	343.647042036676
2622267.75647059	1256843.07029412	343.642158848668
2622267.78294118	1256843.06808824	343.637270541563
2622267.80941176	1256843.06588235	343.632377524842
2622267.83588235	1256843.06367647	343.627480207982
2622267.86235294	1256843.06147059	343.622579000464
2622267.88882353	1256843.05926471	343.617674311765
2622267.91529412	1256843.05705882	343.612766551365
2622267.94176471	1256843.05485294	343.607856128742
2622267.96823529	1256843.05264706	343.602943453376
2622267.99470588	1256843.05044118	343.598028934746
2622268.02117647	1256843.04823529	343.59311298233
2622268.04764706	1256843.04602941	343.588196005608
2622268.07411765	1256843.04382353	343.583278414059
2622268.10058824	1256843.04161765	343.57836061716
2622268.12705882	1256843.03941176	343.573443024392
2622268.15352941	1256843.03720588	343.568526045234
2622268.18	1256843.035	343.563610089163
2622268.20647059	1256843.03279412	343.55869556566
2622268.23294118	1256843.03058824	343.553782884203
2622268.25941176	1256843.02838235	343.548872454271
2622268.28588235	1256843.02617647	343.543964685344
2622268.31235294	1256843.02397059	343.539059986899
2622268.33882353	1256843.02176471	343.534158768416
2622268.36529412	1256843.01955882	343.529261439374
2622268.39176471	1256843.01735294	343.524368409252
2622268.41823529	1256843.01514706	343.519480087529
2622268.44470588	1256843.01294118	343.514596883684
2622268.47117647	1256843.01073529	343.509719207195
2622268.49764706	1256843.00852941	343.504847467542
2622268.52411765	1256843.00632353	343.499982074203
2622268.55058824	1256843.00411765	343.495123436659
2622268.57705882	1256843.00191176	343.490271964386
2622268.60352941	1256842.99970588	343.485428066866
2622268.63	1256842.9975	343.480592153575
2622268.65647059	1256842.99529412	343.475764633994
2622268.68294118	1256842.99308824	343.470945917602
2622268.70941176	1256842.99088235	343.466136413876
2622268.73588235	1256842.98867647	343.461336532297
2622268.76235294	1256842.98647059	343.456546682343
2622268.78882353	1256842.98426471	343.451767273494
2622268.81529412	1256842.98205882	343.446998715227
2622268.84176471	1256842.97985294	343.442241417022
2622268.86823529	1256842.97764706	343.437495788359
2622268.89470588	1256842.97544118	343.432762238715
2622268.92117647	1256842.97323529	343.42804117757
2622268.94764706	1256842.97102941	343.423333014403
2622268.97411765	1256842.96882353	343.418638158693
2622269.00058824	1256842.96661765	343.413957019919
2622269.02705882	1256842.96441176	343.409290007559
2622269.05352941	1256842.96220588	343.404637531093
2622269.08	1256842.96	343.4
