E	N	Z
2622172.58	1256908.26	346.7
2622172.82421053	1256908.25052632	346.692385922547
2622173.06842105	1256908.24105263	346.684799600534
2622173.31263158	1256908.23157895	346.677241165786
2622173.55684211	1256908.22210526	346.669710750125
2622173.80105263	1256908.21263158	346.662208485376
2622174.04526316	1256908.20315789	346.654734503364
2622174.28947368	1256908.19368421	346.647288935912
2622174.53368421	1256908.18421053	346.639871914845
2622174.77789474	1256908.17473684	346.632483571985
2622175.02210526	1256908.16526316	346.625124039159
2622175.26631579	1256908.15578947	346.617793448188
2622175.51052632	1256908.14631579	346.610491930899
2622175.75473684	1256908.13684211	346.603219619114
2622175.99894737	1256908.12736842	346.595976644657
2622176.24315789	1256908.11789474	346.588763139354
2622176.48736842	1256908.10842105	346.581579235027
2622176.73157895	1256908.09894737	346.574425063501
2622176.97578947	1256908.08947368	346.5673007566
2622177.22	1256908.08	346.560206446147
2622177.46421053	1256908.07052632	346.553142263968
2622177.70842105	1256908.06105263	346.546108341886
2622177.95263158	1256908.05157895	346.539104811725
2622178.19684211	1256908.04210526	346.532131805309
2622178.44105263	1256908.03263158	346.525189454463
2622178.68526316	1256908.02315789	346.518277891009
2622178.92947368	1256908.01368421	346.511397246773
2622179.17368421	1256908.00421053	346.504547653579
2622179.41789474	1256907.99473684	346.49772924325
2622179.66210526	1256907.98526316	346.49094214761
2622179.90631579	1256907.97578947	346.484186498484
2622180.15052632	1256907.96631579	346.477462427695
2622180.39473684	1256907.95684211	346.470770067069
2622180.63894737	1256907.94736842	346.464109548428
2622180.88315789	1256907.93789474	346.457481003596
2622181.12736842	1256907.92842105	346.450884564399
2622181.37157895	1256907.91894737	346.444320362659
2622181.61578947	1256907.90947368	346.437788530202
2622181.86	1256907.9	346.43128919885
2622182.10421053	1256907.89052632	346.424822500429
2622182.34842105	1256907.88105263	346.418388566761
2622182.59263158	1256907.87157895	346.411987529672
2622182.83684211	1256907.86210526	346.405619520985
2622183.08105263	1256907.85263158	346.399284672524
2622183.32526316	1256907.84315789	346.392983116114
2622183.56947368	1256907.83368421	346.386714983578
2622183.81368421	1256907.82421053	346.38048040674
2622184.05789474	1256907.81473684	346.374279517425
2622184.30210526	1256907.80526316	346.368112447457
2622184.54631579	1256907.79578947	346.361979328659
2622184.79052632	1256907.78631579	346.355880292856
2622185.03473684	1256907.77684211	346.349815471871
2622185.27894737	1256907.76736842	346.343784997529
2622185.52315789	1256907.75789474	346.337789001655
2622185.76736842	1256907.74842105	346.331827616071
2622186.01157895	1256907.73894737	346.325900972602
2622186.25578947	1256907.72947368	346.320009203071
2622186.5	1256907.72	346.314152439305
2622186.74421053	1256907.71052632	346.308330813125
2622186.98842105	1256907.70105263	346.302544456356
2622187.23263158	1256907.69157895	346.296793500822
2622187.47684211	1256907.68210526	346.291078078348
2622187.72105263	1256907.67263158	346.285398320757
2622187.96526316	1256907.66315789	346.279754359874
2622188.20947368	1256907.65368421	346.274146327522
2622188.45368421	1256907.64421053	346.268574355525
2622188.69789474	1256907.63473684	346.263038575708
2622188.94210526	1256907.62526316	346.257539119895
2622189.18631579	1256907.61578947	346.252076119909
2622189.43052632	1256907.60631579	346.246649707575
2622189.67473684	1256907.59684211	346.241260014717
2622189.91894737	1256907.58736842	346.235907173159
2622190.16315789	1256907.57789474	346.230591314724
2622190.40736842	1256907.56842105	346.225312571238
2622190.65157895	1256907.55894737	346.220071074523
2622190.89578947	1256907.54947368	346.214866956405
2622191.14	1256907.54	346.209700348706
2622191.38421053	1256907.53052632	346.204571383252
2622191.62842105	1256907.52105263	346.199480191866
2622191.87263158	1256907.51157895	346.194426906373
2622192.11684211	1256907.50210526	346.189411658595
2622192.36105263	1256907.49263158	346.184434580358
2622192.60526316	1256907.48315789	346.179495803486
2622192.84947368	1256907.47368421	346.174595459802
2622193.09368421	1256907.46421053	346.16973368113
2622193.33789474	1256907.45473684	346.164910599295
2622193.58210526	1256907.44526316	346.160126346121
2622193.82631579	1256907.43578947	346.155381053432
2622194.07052632	1256907.42631579	346.150674853051
2622194.31473684	1256907.41684211	346.146007876803
2622194.55894737	1256907.40736842	346.141380256512
2622194.80315789	1256907.39789474	346.136792124002
2622195.04736842	1256907.38842105	346.132243611097
2622195.29157895	1256907.37894737	346.127734849621
2622195.53578947	1256907.36947368	346.123265971398
2622195.78	1256907.36	346.118837108252
2622196.02421053	1256907.35052632	346.114448392008
2622196.26842105	1256907.34105263	346.110099954488
2622196.51263158	1256907.33157895	346.105791927518
2622196.75684211	1256907.32210526	346.101524442922
2622197.00105263	1256907.31263158	346.097297632523
2622197.24526316	1256907.30315789	346.093111628145
2622197.48947368	1256907.29368421	346.088966561613
2622197.73368421	1256907.28421053	346.084862564751
2622197.97789474	1256907.27473684	346.080799769382
2622198.22210526	1256907.26526316	346.076778307331
2622198.46631579	1256907.25578947	346.072798310421
2622198.71052632	1256907.24631579	346.068859910478
2622198.95473684	1256907.23684211	346.064963239324
2622199.19894737	1256907.22736842	346.061108428785
2622199.44315789	1256907.21789474	346.057295610683
2622199.68736842	1256907.20842105	346.053524916844
2622199.93157895	1256907.19894737	346.04979647909
2622200.17578947	1256907.18947368	346.046110429247
2622200.42	1256907.18	346.042466899138
2622200.66421053	1256907.17052632	346.038866020587
2622200.90842105	1256907.16105263	346.035307925418
2622201.15263158	1256907.15157895	346.031792745456
2622201.39684211	1256907.14210526	346.028320612524
2622201.64105263	1256907.13263158	346.024891658447
2622201.88526316	1256907.12315789	346.021506015049
2622202.12947368	1256907.11368421	346.018163814152
2622202.37368421	1256907.10421053	346.014865187583
2622202.61789474	1256907.09473684	346.011610267164
2622202.86210526	1256907.08526316	346.00839918472
2622203.10631579	1256907.07578947	346.005232072075
2622203.35052632	1256907.06631579	346.002109061053
2622203.59473684	1256907.05684211	345.999030283478
2622203.83894737	1256907.04736842	345.995995871174
2622204.08315789	1256907.03789474	345.993005955964
2622204.32736842	1256907.02842105	345.990060669674
2622204.57157895	1256907.01894737	345.987160144127
2622204.81578947	1256907.00947368	345.984304511148
2622205.06	1256907	345.981493902559
2622205.30421053	1256906.99052632	345.978728450186
2622205.54842105	1256906.98105263	345.976008285852
2622205.79263158	1256906.97157895	345.973333541382
2622206.03684211	1256906.96210526	345.970704348599
2622206.28105263	1256906.95263158	345.968120839328
2622206.52526316	1256906.94315789	345.965583145392
2622206.76947368	1256906.93368421	345.963091398616
2622207.01368421	1256906.92421053	345.960645730823
2622207.25789474	1256906.91473684	345.958246273839
2622207.50210526	1256906.90526316	345.955893159486
2622207.74631579	1256906.89578947	345.953586519589
2622207.99052632	1256906.88631579	345.951326485972
2622208.23473684	1256906.87684211	345.949113190459
2622208.47894737	1256906.86736842	345.946946764874
2622208.72315789	1256906.85789474	345.944827341042
2622208.96736842	1256906.84842105	345.942755050785
2622209.21157895	1256906.83894737	345.940730025929
2622209.45578947	1256906.82947368	345.938752398296
2622209.7	1256906.82	345.936822299713
2622209.94421053	1256906.81052632	345.934939862001
2622210.18842105	1256906.80105263	345.933105216986
2622210.43263158	1256906.79157895	345.931318496491
2622210.67684211	1256906.78210526	345.929579832341
2622210.92105263	1256906.77263158	345.92788935636
2622211.16526316	1256906.76315789	345.926247200371
2622211.40947368	1256906.75368421	345.924653496199
2622211.65368421	1256906.74421053	345.923108375668
2622211.89789474	1256906.73473684	345.921611970601
2622212.14210526	1256906.72526316	345.920164412824
2622212.38631579	1256906.71578947	345.918765834159
2622212.63052632	1256906.70631579	345.917416366432
2622212.87473684	1256906.69684211	345.916116141465
2622213.11894737	1256906.68736842	345.914865291083
2622213.36315789	1256906.67789474	345.913663947111
2622213.60736842	1256906.66842105	345.912512241372
2622213.85157895	1256906.65894737	345.91141030569
2622214.09578947	1256906.64947368	345.910358271889
2622214.34	1256906.64	345.909356271794
2622214.58421053	1256906.63052632	345.908404437228
2622214.82842105	1256906.62105263	345.907502900016
2622215.07263158	1256906.61157895	345.906651791981
2622215.31684211	1256906.60210526	345.905851244948
2622215.56105263	1256906.59263158	345.905101390741
2622215.80526316	1256906.58315789	345.904402361183
2622216.04947368	1256906.57368421	345.903754288099
2622216.29368421	1256906.56421053	345.903157303313
2622216.53789474	1256906.55473684	345.902611538648
2622216.78210526	1256906.54526316	345.90211712593
2622217.02631579	1256906.53578947	345.901674196981
2622217.27052632	1256906.52631579	345.901282883627
2622217.51473684	1256906.51684211	345.900943317691
2622217.75894737	1256906.50736842	345.900655630997
2622218.00315789	1256906.49789474	345.900419955369
2622218.24736842	1256906.48842105	345.900236422631
2622218.49157895	1256906.47894737	345.900105164608
2622218.73578947	1256906.46947368	345.900026313123
2622218.98	1256906.46	345.9
2622219.314375	1256906.419375	345.9
2622219.64875	1256906.37875	345.9
2622219.983125	1256906.338125	345.9
2622220.3175	1256906.2975	345.9
2622220.651875	1256906.256875	345.9
2622220.98625	1256906.21625	345.9
2622221.320625	1256906.175625	345.9
2622221.655	1256906.135	345.9
2622221.989375	1256906.094375	345.9
2622222.32375	1256906.05375	345.9
2622222.658125	1256906.013125	345.9
2622222.9925	1256905.9725	345.9
2622223.326875	1256905.931875	345.9
2622223.66125	1256905.89125	345.9
2622223.995625	1256905.850625	345.9
2622224.33	1256905.81	345.9
2622224.664375	1256905.769375	345.9
2622224.99875	1256905.72875	345.9
2622225.333125	1256905.688125	345.9
2622225.6675	1256905.6475	345.9
2622226.001875	1256905.606875	345.9
2622226.33625	1256905.56625	345.9
2622226.670625	1256905.525625	345.9
2622227.005	1256905.485	345.9
2622227.339375	1256905.444375	345.9
2622227.67375	1256905.40375	345.9
2622228.008125	1256905.363125	345.9
2622228.3425	1256905.3225	345.9
2622228.676875	1256905.281875	345.9
2622229.01125	1256905.24125	345.9
2622229.345625	1256905.200625	345.9
2622229.68	1256905.16	345.9
